2
-1 -1
1 1
0.19475688626170531
0.195254015709299 0.8607574654896779
0.12464440720749143
0.15620321256743921 0.6886059723917424
0.07977242061279449
0.12496257005395137 0.5508847779133939
0.05105434919218847
0.09997005604316109 0.4407078223307151
0.032674783483000625
0.07997604483452887 0.3525662578645721
0.020911861429120396
0.0639808358676231 0.28205300629165764
0.013383591314637054
0.051184668694098476 0.2256424050333261
0.008565498441367714
0.04094773495527878 0.1805139240266609
0.005481919002475336
0.03275818796422302 0.1444111392213287
0.0035084281615842157
0.026206550371378416 0.11552891137706296